175 507
189 544
205 580
225 614
249 644
277 668
311 686
347 698
385 696
423 683
458 661
490 632
515 595
528 553
531 507
528 457
521 404
167 451
181 431
206 422
234 418
264 422
317 404
347 383
383 369
423 367
460 381
301 460
305 489
308 518
311 548
294 574
310 576
328 575
346 567
364 558
205 484
221 468
245 463
270 477
248 487
224 491
361 457
380 432
408 425
436 432
415 451
387 458
297 632
310 614
326 602
342 603
354 595
380 597
414 602
391 624
370 638
355 644
339 646
318 642
307 629
330 618
345 616
358 612
402 605
362 617
348 621
333 623
