113 262
116 288
121 312
126 336
133 360
147 382
164 401
187 414
215 418
244 411
268 395
287 376
300 354
308 329
311 303
313 278
314 250
115 236
127 219
146 214
166 217
184 224
224 222
243 210
264 204
285 207
301 221
205 251
205 269
204 287
205 305
184 319
196 321
208 323
221 319
233 316
134 264
147 257
161 257
177 264
162 269
146 270
240 259
254 250
268 249
282 254
270 261
255 262
165 350
183 342
198 337
210 339
223 335
241 338
260 341
242 361
226 370
212 372
199 372
182 367
173 351
198 349
211 350
224 347
252 343
225 353
211 356
198 355
