109 278
109 298
112 317
120 334
130 351
141 369
153 386
166 399
184 405
207 403
232 392
252 376
270 359
280 336
283 311
284 285
283 258
104 243
111 236
122 235
134 237
146 244
175 238
193 226
214 220
235 222
253 234
162 264
161 279
159 294
157 310
146 323
155 326
165 327
176 325
189 322
115 272
124 265
136 265
148 272
136 276
124 276
195 268
207 258
221 257
235 262
223 269
209 270
143 348
149 341
158 338
169 340
179 338
198 339
220 341
202 359
186 367
174 368
163 366
152 359
148 349
160 348
169 348
181 347
214 343
183 352
172 353
161 351
