99 240
99 264
102 288
108 311
117 333
131 351
149 365
169 376
191 380
213 377
232 365
246 349
257 330
265 310
273 290
278 269
280 246
119 215
132 204
149 203
166 208
180 219
215 222
230 215
245 212
261 215
271 226
196 242
196 258
196 273
196 289
176 300
185 302
195 305
206 302
217 300
133 242
145 238
158 240
170 249
157 251
143 250
223 251
234 245
246 245
256 250
247 255
235 255
158 325
174 319
187 314
198 317
208 315
220 319
232 325
220 338
207 343
196 344
185 342
172 337
164 325
187 325
197 327
207 326
226 326
207 327
197 328
186 327
