128 237
129 262
134 287
141 310
152 332
167 353
186 371
207 385
234 389
260 384
281 369
300 350
312 330
321 306
326 282
330 259
331 235
140 207
155 195
175 193
194 197
213 204
252 203
270 195
288 191
307 193
320 205
232 231
233 250
233 268
233 287
208 298
220 300
232 303
244 299
256 297
157 239
170 233
186 234
201 242
186 245
170 245
261 241
275 233
290 233
303 238
292 244
276 244
185 320
204 317
221 314
232 317
245 314
261 316
281 319
263 339
246 347
232 349
220 347
203 339
193 323
221 325
232 326
245 324
273 321
246 333
233 335
221 333
