333 360
328 417
327 473
331 528
348 579
377 622
416 655
462 679
511 689
557 688
590 667
614 636
635 599
653 561
671 523
683 485
690 446
393 311
426 289
467 284
507 294
543 316
619 336
648 332
677 339
699 355
704 384
573 375
572 405
571 435
570 466
503 484
528 494
553 505
577 502
597 497
431 361
456 357
480 362
499 376
475 376
450 372
605 399
632 394
655 403
668 418
648 418
626 409
450 557
487 538
522 533
542 541
564 539
585 555
596 584
578 599
556 605
533 604
509 598
478 583
463 558
517 557
539 562
560 563
585 581
559 572
538 573
515 567
