262 160
259 174
256 189
253 204
253 219
259 233
267 246
278 256
292 263
308 265
323 261
334 253
343 243
350 231
357 219
363 206
366 194
277 153
285 148
295 148
305 151
313 158
336 163
345 162
355 165
363 170
366 179
322 174
319 183
318 191
315 200
298 203
304 206
311 210
319 210
326 210
284 168
291 166
297 168
303 173
296 173
289 171
335 183
342 181
349 183
354 189
348 189
340 186
281 217
291 215
301 215
308 218
315 219
323 224
328 232
319 238
309 239
302 238
294 235
286 228
285 219
299 223
306 226
313 228
325 231
312 228
304 227
297 224