284 428
279 471
285 515
299 560
316 605
337 650
363 693
396 724
443 732
498 722
553 696
600 662
639 618
665 565
675 503
678 442
676 383
274 364
284 335
309 324
340 321
371 329
453 316
492 297
535 288
579 295
611 323
415 379
414 413
410 445
407 480
373 514
394 520
419 524
447 516
474 508
305 411
322 396
348 392
375 402
351 412
325 417
494 388
520 372
547 370
573 379
551 391
523 393
361 598
376 572
399 555
419 560
443 554
481 567
519 592
484 621
448 632
422 635
399 634
377 624
373 596
400 590
421 590
445 588
504 590
445 588
420 591
399 589
