111 248
112 254
112 259
114 265
116 270
120 274
125 277
130 280
136 280
140 279
144 276
148 272
150 267
152 263
153 258
153 253
153 248
118 247
121 244
125 243
129 244
132 246
139 246
142 244
145 243
149 244
150 246
135 249
136 253
136 256
136 260
130 261
133 262
136 262
139 262
141 261
123 250
125 249
127 249
129 250
127 250
125 250
140 250
142 248
145 248
147 249
145 250
142 250
124 265
129 264
133 264
136 265
138 264
142 264
145 265
142 269
139 271
136 271
133 271
128 269
126 265
133 265
136 266
138 265
144 265
139 269
136 269
133 269
