144 388
140 446
145 505
156 563
169 625
189 684
221 734
263 776
327 793
397 788
462 760
517 723
563 675
591 614
604 547
613 478
614 412
143 336
163 295
208 283
254 288
301 303
380 306
429 285
484 279
538 291
572 333
338 365
333 408
329 448
324 492
269 532
300 540
331 547
367 541
403 535
181 386
207 369
241 368
277 387
241 395
206 397
423 386
457 366
492 368
524 384
492 395
455 393
228 627
259 600
295 581
327 590
356 583
399 603
439 634
399 664
355 678
322 679
289 675
255 660
247 626
295 620
326 623
357 621
420 631
355 622
324 623
293 621