96 198
100 235
109 271
120 304
136 336
158 364
185 384
217 401
251 403
281 393
304 373
325 350
342 322
351 292
358 259
360 226
358 193
114 161
133 143
160 135
189 138
214 150
280 153
301 141
323 136
346 140
358 158
250 193
253 217
256 241
260 265
222 285
239 288
256 291
273 286
287 280
143 196
161 186
184 186
206 202
183 206
159 206
283 201
301 184
322 183
339 193
325 204
304 205
195 331
220 321
243 312
259 317
273 311
290 316
307 323
291 343
275 354
258 357
241 357
219 348
205 332
242 331
258 332
273 329
298 325
274 330
259 334
243 333
