60 244
69 271
81 297
100 323
122 345
149 366
177 382
205 397
235 395
264 381
284 356
303 328
318 297
325 264
322 225
314 186
301 150
45 203
49 184
65 172
85 167
106 169
165 152
187 132
213 120
242 118
268 129
145 201
151 225
156 248
162 272
146 294
162 294
180 293
196 283
212 273
74 234
83 222
101 216
123 223
106 232
87 237
194 197
208 179
228 170
249 172
235 186
215 193
146 330
161 322
178 312
193 310
207 301
236 294
270 285
250 313
227 334
211 342
195 347
173 342
155 331
182 328
198 324
212 317
262 291
218 314
203 322
187 326
