140 169
131 201
128 233
129 264
139 292
154 319
174 342
198 365
225 375
252 374
274 360
295 345
313 326
327 304
340 281
349 258
354 233
176 148
198 139
222 141
244 151
262 166
312 175
331 172
348 174
363 184
364 203
285 200
283 219
282 237
281 256
238 265
252 272
266 279
279 279
291 278
193 176
211 173
229 178
241 193
225 192
205 188
304 213
323 206
338 212
346 223
336 226
320 222
201 300
227 295
249 292
260 299
273 298
286 309
291 321
278 332
263 337
248 336
235 331
218 318
208 302
244 310
256 314
270 315
284 320
267 316
254 315
242 311
