68 217
72 248
78 280
85 311
101 337
126 358
155 373
184 385
214 383
239 372
260 355
283 334
301 310
311 280
314 250
311 221
304 193
85 188
103 173
125 165
150 167
173 176
224 170
243 159
263 154
283 156
295 170
204 200
208 219
212 237
216 257
179 276
198 278
215 280
230 274
244 268
109 207
125 197
144 197
163 209
146 213
126 214
234 204
250 188
267 187
281 194
271 203
253 205
145 312
173 306
201 297
216 300
231 294
252 296
271 296
253 314
234 327
217 332
201 334
174 327
152 313
201 315
216 315
232 310
263 299
232 309
216 313
201 314
