143 229
142 256
147 283
157 309
170 334
185 358
202 379
222 396
247 401
277 399
306 389
330 371
353 348
370 319
379 287
384 252
384 215
136 185
144 168
161 164
180 165
200 172
257 170
281 158
308 153
335 160
355 176
227 211
226 233
224 254
222 276
203 293
215 297
229 300
246 296
262 292
156 218
167 208
187 207
204 222
186 227
167 228
273 218
289 201
310 198
329 208
314 219
292 221
194 335
206 325
220 318
234 322
247 318
270 323
297 331
272 350
251 358
236 359
221 357
207 349
202 336
221 335
234 336
248 335
287 332
249 336
235 337
221 335
